10,140
10,266
10,196
10,202
10,158
10,194
10,246
10,16
10,2
10,3
9,7
9,4
9,6
8,12
8,9
8,2
8,3
74,4
74,3
74,2
74,1
74,0
46,3
46,1
43,3
43,1
42,4
42,3
42,1
40,3
40,1
37,3
37,1
35,3
35,1
33,3
33,1
31,4
31,3
31,1
26,3
26,1
23,3
23,1
21,3
21,2
21,1
21,0
20,3
20,2
20,1
19,3
19,2
19,1
18,3
18,1
14,3
14,1
13,3
13,1
12,3
12,2
12,1
11,29
11,28
11,27
11,26
11,25
11,24
11,23
11,22
11,21
11,20
11,19
11,18
11,17
11,16
11,15
11,14
11,13
11,12
11,11
11,10
11,9
11,8
11,7
11,6
11,5
11,4
11,3
11,2
11,1
10,313
10,312
10,311
10,310
10,309
10,308
10,307
10,306
10,304
10,302
10,300
10,299
10,249
10,201
10,175
10,157
